,0,1,2,3,4,5,6,7,8,9,10,11,12,13,14,15,16,17,18,19,20,21,22,23,24,25,26,27,28,29,30,31,32,33,34,35,36,37,38,39,40,41,42,43,44,45,46,47,48,49,50,51,52,53,54,55,56,57,58,59,60,61,62,63,64,65,66,67,68,69,70,71,72,73,74,75,76,77,78,79,80,81,82,83,84,85,86,87,88,89,90,91,92,93,94,95,96,97,98,99,100,101,102,103,104,105,106,107,108,109,110,111,112,113,114,115,116,117,118,119,120,121,122,123,124,125,126,127,128,129,130,131,132,133,134,135,136,137,138,139,140,141,142,143,144,145,146,147,148,149,150,151,152,153,154,155,156,157,158,159,160,161,162,163,164,165,166,167,168,169,170,171,172,173,174,175,176,177,178,179,180,181,182,183,184,185,186,187,188,189,190,191,192,193,194,195,196,197,198,199,200,201,202,203,204,205,206,207,208,209,210,211,212,213,214,215,216,217,218,219,220,221,222,223,224,225,226,227,228,229,230,231,232,233,234,235,236,237,238,239,240,241,242,243,244,245,246,247,248,249,250,251,252,253,254,255,256,257,258,259,260,261,262,263,264,265,266,267,268,269,270,271,272,273,274,275,276,277,278,279,280,281,282,283,284,285,286,287,288,289,290,291,292,293,294,295,296,297,298,299,300,301,302,303,304,305,306,307,308,309,310,311,312,313,314,315,316,317,318,319,320,321,322,323,324,325,326,327,328,329,330,331,332,333,334,335,336,337,338,339,340,341,342,343,344,345,346,347,348,349,350,351,352,353,354,355,356,357,358,359,360,361,362,363,364,365,366,367,368,369,370,371,372,373,374,375,376,377,378,379,380,381,382,383,384,385,386,387,388,389,390,391,392,393,394,395,396,397,398,399
Accumulated time steps,0.0,101.0,201.0,301.0,401.0,501.0,601.0,701.0,801.0,901.0,1001.0,1101.0,1201.0,1301.0,1401.0,1501.0,1601.0,1701.0,1801.0,1901.0,2001.0,2101.0,2201.0,2301.0,2401.0,2501.0,2601.0,2701.0,2801.0,2901.0,3001.0,3101.0,3201.0,3301.0,3401.0,3501.0,3601.0,3701.0,3801.0,3901.0,4001.0,4101.0,4201.0,4301.0,4401.0,4501.0,4601.0,4701.0,4801.0,4901.0,5001.0,5101.0,5201.0,5301.0,5401.0,5501.0,5601.0,5701.0,5801.0,5901.0,6001.0,6101.0,6201.0,6301.0,6401.0,6501.0,6601.0,6701.0,6801.0,6901.0,7001.0,7101.0,7201.0,7301.0,7401.0,7501.0,7601.0,7701.0,7801.0,7901.0,8001.0,8101.0,8201.0,8301.0,8401.0,8501.0,8601.0,8701.0,8801.0,8901.0,9001.0,9101.0,9201.0,9301.0,9401.0,9501.0,9601.0,9701.0,9801.0,9901.0,10001.0,10101.0,10201.0,10301.0,10401.0,10501.0,10601.0,10701.0,10801.0,10901.0,11001.0,11101.0,11201.0,11301.0,11401.0,11501.0,11601.0,11701.0,11801.0,11901.0,12001.0,12101.0,12201.0,12301.0,12401.0,12501.0,12601.0,12701.0,12801.0,12901.0,13001.0,13101.0,13201.0,13301.0,13401.0,13501.0,13601.0,13701.0,13801.0,13901.0,14001.0,14101.0,14201.0,14301.0,14401.0,14501.0,14601.0,14701.0,14801.0,14901.0,15001.0,15101.0,15201.0,15301.0,15401.0,15501.0,15601.0,15701.0,15801.0,15901.0,16001.0,16101.0,16201.0,16301.0,16401.0,16501.0,16601.0,16701.0,16801.0,16901.0,17001.0,17101.0,17201.0,17301.0,17401.0,17501.0,17601.0,17701.0,17801.0,17901.0,18001.0,18101.0,18201.0,18301.0,18401.0,18501.0,18601.0,18701.0,18801.0,18901.0,19001.0,19101.0,19201.0,19301.0,19401.0,19501.0,19601.0,19701.0,19801.0,19901.0,20001.0,20101.0,20201.0,20301.0,20401.0,20501.0,20601.0,20701.0,20801.0,20901.0,21001.0,21101.0,21201.0,21301.0,21401.0,21501.0,21601.0,21701.0,21801.0,21901.0,22001.0,22101.0,22201.0,22301.0,22401.0,22501.0,22601.0,22701.0,22801.0,22901.0,23001.0,23101.0,23201.0,23301.0,23401.0,23501.0,23601.0,23701.0,23801.0,23901.0,24001.0,24101.0,24201.0,24301.0,24401.0,24501.0,24601.0,24701.0,24801.0,24901.0,25001.0,25101.0,25201.0,25301.0,25401.0,25501.0,25601.0,25701.0,25801.0,25901.0,26001.0,26101.0,26201.0,26301.0,26401.0,26501.0,26601.0,26701.0,26801.0,26901.0,27001.0,27101.0,27201.0,27301.0,27401.0,27501.0,27601.0,27701.0,27801.0,27901.0,28001.0,28101.0,28201.0,28301.0,28401.0,28501.0,28601.0,28701.0,28801.0,28901.0,29001.0,29101.0,29201.0,29301.0,29401.0,29501.0,29601.0,29701.0,29801.0,29901.0,30001.0,30101.0,30201.0,30301.0,30401.0,30501.0,30601.0,30701.0,30801.0,30901.0,31001.0,31101.0,31201.0,31301.0,31401.0,31501.0,31601.0,31701.0,31801.0,31901.0,32001.0,32101.0,32201.0,32301.0,32401.0,32501.0,32601.0,32701.0,32801.0,32901.0,33001.0,33101.0,33201.0,33301.0,33401.0,33501.0,33601.0,33701.0,33801.0,33901.0,34001.0,34101.0,34201.0,34301.0,34401.0,34501.0,34601.0,34701.0,34801.0,34901.0,35001.0,35101.0,35201.0,35301.0,35401.0,35501.0,35601.0,35701.0,35801.0,35901.0,36001.0,36101.0,36201.0,36301.0,36401.0,36501.0,36601.0,36701.0,36801.0,36901.0,37001.0,37101.0,37201.0,37301.0,37401.0,37501.0,37601.0,37701.0,37801.0,37901.0,38001.0,38101.0,38201.0,38301.0,38401.0,38501.0,38601.0,38701.0,38801.0,38901.0,39001.0,39101.0,39201.0,39301.0,39401.0,39501.0,39601.0,39701.0,39801.0,39901.0
Episode reward,0.0,38.889908406470326,67.17252406379671,73.98965165251485,151.95133944014958,192.31295702638994,230.7790566661281,160.01733507918644,96.93088169052278,204.6083842698523,156.44532668967304,89.56631443184128,212.05739906068558,297.43353089678334,153.3213928264009,111.17837973136291,200.9365827024152,183.5037069862457,198.91822943244736,206.68270567111244,201.59091341209597,258.1273821596747,218.9711471927652,170.71208650898504,120.65469409439075,155.1610100625119,217.79617362104284,205.03421205814433,209.02514804788825,252.11389592934873,240.55952073383048,225.31436768496974,226.17522383958502,220.78209206655035,252.45142025059175,229.90298398955798,237.70755634469478,204.91873372301927,246.95349933320597,207.26168978749118,208.1292649918456,211.15569082140487,206.88955525811653,204.40342630317522,231.35771336190334,253.4716367065386,254.91910916956897,210.637363434466,299.42348099788927,207.90073927857492,205.6101660836341,486.5074643439933,284.6068966690095,250.63271351815717,204.9834048146602,204.8959937207059,225.6638509687232,229.54026254489105,200.46992956102727,246.79080830918812,205.6733355301428,203.81439043065808,220.5771427660038,404.967224095233,217.96768282341586,499.1555192750413,323.3176381593244,217.92373778876745,243.83733803602368,206.69985251187143,259.28093047142363,220.68549821613453,235.38856361921762,227.7033069235463,248.91960760761495,246.15065370661526,195.89718065061226,210.50894903573325,252.87976581308223,226.94956355488642,517.7208805603532,203.70589634705334,242.79971756060274,210.97517655164185,241.40242053178943,242.52020396332998,253.45475998253158,249.8232128687721,537.2006491527352,258.17032839634464,240.2280078342699,352.94618281425016,228.77704982396656,243.8793509261209,481.42460685816445,236.48664195684663,485.9735347260734,321.8070920329783,193.06457706544757,209.90181324756858,268.09782554639105,452.2348377868112,354.3445893127422,301.43550991892835,277.1687689088368,212.87117104129658,238.5745099822857,306.0857949058323,248.78619692251874,258.7869468623057,252.75059706845664,205.25675524022398,253.2395271727588,533.5340134995015,504.0356031426791,240.67784166498575,401.7422538194315,204.67055511332595,401.6400286356408,226.1743175974809,229.32607326642022,243.5021104115772,502.41976839911354,253.0130733242739,239.22524040354494,198.9538520464442,305.07084396667614,227.44992486036674,307.1171587481384,207.33287638622076,247.2872894414761,506.14639332696606,462.0208724258149,238.61503100168747,517.3114444588182,205.71484035250035,222.45884302072088,305.22585140660294,461.0874495184689,244.5134288465352,208.11929905378724,303.9311247486444,215.68403839078655,481.6768901304852,405.3948543292335,246.2743341628342,276.04413967342344,204.79745533736806,429.58021925775705,229.04746735011523,349.2122190034504,512.2955116360221,279.81858451291754,302.86821632578864,221.48314378266107,463.8862099178669,249.9099440786469,243.176927910982,280.5286917719585,218.59636613709128,452.6106261962543,470.97737271213424,204.96908305911515,496.29492991728085,244.16390767701938,223.60743427905547,363.96567742831587,309.4596254416416,501.9811343935413,214.31516284720897,255.5541843560995,241.72411900449944,251.83344902524806,250.7803042808554,262.0337510300829,224.232644324189,209.9286944316302,437.97264221029684,249.45145697749177,286.01631394133454,502.4070141712033,475.39723900180627,337.73849271891595,230.12629064368758,221.39594897893747,518.571804191368,335.38530332154835,267.05911407701814,493.68117203157703,485.0683460182876,250.3902085770052,237.2142115699809,329.0154259443654,381.0814801796753,265.58413701896353,266.9950550563273,503.90633563294415,308.41025916814124,277.4227898381591,290.26678152324786,252.7445978770307,245.50657817799348,472.78759348723685,494.0405365540766,232.38102863987473,261.00017289790213,261.8356413041854,201.7359871530856,202.04073069126332,481.9884620356175,533.8701730194654,300.5190925032705,227.58817036578444,246.81052367265477,502.92906579521065,222.6535644279235,297.91110119968994,208.5318410276908,247.79802811539665,208.16235129358662,215.54129259388748,206.53481955557126,485.45085697732867,243.76770395431754,254.18766704315385,496.554040959328,250.07429434474872,261.99154842043214,327.3772066237814,393.457708524895,297.16932120517055,235.28754992393775,208.59342649195787,291.1265452855038,225.62676180460033,261.1423091896167,265.8238016815025,249.24335212607562,210.27773936200145,328.6059252534995,515.3315437545522,313.0199089419954,281.150930703283,277.9733523149045,312.421370182079,235.695921883684,514.2498915373297,286.9972044315648,338.9719900526542,429.4693459312048,329.3118763908814,408.3068403767415,250.3599603844574,460.646552190409,482.2164141951437,318.18033446970736,251.57112523862673,270.34997454492816,407.4593734531016,280.6351223947586,237.46721056276624,434.01073451268144,262.19672642074653,212.96309224440623,243.88414609114056,474.67181336336034,329.04836708488284,306.5058796073686,365.12455280191085,241.37548969710005,496.1169540644012,264.9625494709045,220.14755012261492,486.83740291179254,490.8998621157033,244.97163242062678,330.00887007976786,245.22728226672817,224.5365400076648,290.4530594677548,363.42628468438306,348.4157141383393,449.41510801166527,245.7914642154517,333.5961205190358,243.9715412980038,433.34060623868316,211.64979160712815,473.18452930875014,248.41210744825082,308.801807910604,319.15023076214146,266.7464515782681,236.9735378725885,249.90944264192126,482.45387063969946,340.2076984470457,512.4004820839938,303.72359075261016,474.20395099806774,278.08780146188553,289.4784924240335,481.06304514269686,449.2101962227399,336.8679791752069,519.0488356912842,229.3167622357775,306.37816920054365,216.29318104879476,292.6775277722358,247.33955460441874,261.8567805997327,276.51934336257676,461.7217206693662,500.2049123587185,520.5785822382356,232.48029707328385,212.84000964904013,285.86749979007294,227.25264940070775,406.8189357080923,387.3894702630951,369.87364158208834,326.3469728720201,245.84775656760107,417.3388592946404,308.1094095741527,500.1587495892721,281.6097335552944,243.02003362899956,355.6531427807745,448.4545547679262,299.8292348501158,492.9572565110767,312.8514826193594,354.1997686106347,479.0636082410232,242.0326189225869,267.73179545712105,378.6696003966868,413.6709198931628,253.66548184097957,297.6759523208358,381.71360970356085,465.4721857654199,242.952427509162,315.4182762779573,240.01306818692362,298.56555983088407,256.7275959973782,340.8943942172196,232.57955132514513,243.76154566385992,503.19712492364596,278.0285264753662,216.37138099019566,219.7946706473476,325.2115411602795,278.6817158327421,491.8780371230753,310.4205745440266,202.2008672441222,252.4850514273356,486.61540424367183,218.74894255869208,215.31570191834757,503.80772162697707,346.1730676312747,258.0298759574106,225.34638561755395,484.8876492487674,491.9128900602392,321.3876518253974,220.60789856353932,219.17856957291568,473.1520402798958,312.0115612339809,429.8598709812403,478.5408536971109,342.72399343743905,247.53852168646955,232.11894130663208,249.1715821119917,244.20921908496237,223.88352507216206,460.82239583778517,509.87497433787547,247.0906514386463,317.68297484800377,327.6502017670241,482.07447122138416,260.8926699242519,291.1442472422429,243.5959044132188,445.64006755592857,219.1715575034,270.94882720034195,250.1637687044478,481.18632677903554,281.28814009208577
Episode feedback,0.8,0.0,0.0,0.0,0.0,0.0,0.0,0.0,0.0,0.0,0.0,0.0,0.0,0.0,0.0,0.0,0.0,0.0,0.0,0.0,0.0,0.0,0.0,0.0,0.0,0.0,0.0,0.0,0.0,0.0,0.0,0.0,0.0,0.0,0.0,0.0,0.0,0.0,0.0,0.0,0.0,0.0,0.0,0.0,0.0,0.0,0.0,0.0,0.0,0.0,0.0,0.0,0.0,0.0,0.0,0.0,0.0,0.0,0.0,0.0,0.0,0.0,0.0,0.0,0.0,0.0,0.0,0.0,0.0,0.0,0.0,0.0,0.0,0.0,0.0,0.0,0.0,0.0,0.0,0.0,0.0,0.0,0.0,0.0,0.0,0.0,0.0,0.0,0.0,0.0,0.0,0.0,0.0,0.0,0.0,0.0,0.0,0.0,0.0,0.0,0.0,0.0,0.0,0.0,0.0,0.0,0.0,0.0,0.0,0.0,0.0,0.0,0.0,0.0,0.0,0.0,0.0,0.0,0.0,0.0,0.0,0.0,0.0,0.0,0.0,0.0,0.0,0.0,0.0,0.0,0.0,0.0,0.0,0.0,0.0,0.0,0.0,0.0,0.0,0.0,0.0,0.0,0.0,0.0,0.0,0.0,0.0,0.0,0.0,0.0,0.0,0.0,0.0,0.0,0.0,0.0,0.0,0.0,0.0,0.0,0.0,0.0,0.0,0.0,0.0,0.0,0.0,0.0,0.0,0.0,0.0,0.0,0.0,0.0,0.0,0.0,0.0,0.0,0.0,0.0,0.0,0.0,0.0,0.0,0.0,0.0,0.0,0.0,0.0,0.0,0.0,0.0,0.0,0.0,0.0,0.0,0.0,0.0,0.0,0.0,0.0,0.0,0.0,0.0,0.0,0.0,0.0,0.0,0.0,0.0,0.0,0.0,0.0,0.0,0.0,0.0,0.0,0.0,0.0,0.0,0.0,0.0,0.0,0.0,0.0,0.0,0.0,0.0,0.0,0.0,0.0,0.0,0.0,0.0,0.0,0.0,0.0,0.0,0.0,0.0,0.0,0.0,0.0,0.0,0.0,0.0,0.0,0.0,0.0,0.0,0.0,0.0,0.0,0.0,0.0,0.0,0.0,0.0,0.0,0.0,0.0,0.0,0.0,0.0,0.0,0.0,0.0,0.0,0.0,0.0,0.0,0.0,0.0,0.0,0.0,0.0,0.0,0.0,0.0,0.0,0.0,0.0,0.0,0.0,0.0,0.0,0.0,0.0,0.0,0.0,0.0,0.0,0.0,0.0,0.0,0.0,0.0,0.0,0.0,0.0,0.0,0.0,0.0,0.0,0.0,0.0,0.0,0.0,0.0,0.0,0.0,0.0,0.0,0.0,0.0,0.0,0.0,0.0,0.0,0.0,0.0,0.0,0.0,0.0,0.0,0.0,0.0,0.0,0.0,0.0,0.0,0.0,0.0,0.0,0.0,0.0,0.0,0.0,0.0,0.0,0.0,0.0,0.0,0.0,0.0,0.0,0.0,0.0,0.0,0.0,0.0,0.0,0.0,0.0,0.0,0.0,0.0,0.0,0.0,0.0,0.0,0.0,0.0,0.0,0.0,0.0,0.0,0.0,0.0,0.0,0.0,0.0,0.0,0.0,0.0,0.0,0.0,0.0,0.0,0.0,0.0,0.0,0.0,0.0,0.0,0.0,0.0,0.0,0.0,0.0,0.0,0.0,0.0,0.0,0.0,0.0,0.0,0.0,0.0,0.0
total seconds,0.0,0.3464548587799072,1.6437463760375977,2.906984806060791,4.172475099563599,5.449229955673218,6.7500221729278564,8.017614841461182,9.298959255218506,14.559256553649902,15.936338186264038,17.329719066619873,18.666138172149658,20.033026695251465,21.35773229598999,23.011462211608887,24.349042177200317,25.676411628723145,27.007777452468872,28.280144453048706,29.54793119430542,30.843724489212036,32.20792555809021,33.5153546333313,34.822680711746216,36.08921504020691,37.3575336933136,38.62616205215454,39.87860035896301,41.14500045776367,42.40919065475464,43.66877794265747,44.91528248786926,46.183069705963135,47.44228529930115,48.71687650680542,49.974926710128784,51.24295735359192,52.52944874763489,53.814064741134644,55.10851836204529,56.398834466934204,57.6902391910553,58.95690989494324,60.256511926651,61.54122567176819,62.88247871398926,64.16883087158203,65.52319192886353,66.85487961769104,68.14216232299805,69.4120044708252,70.70296287536621,71.981121301651,73.26354193687439,74.5329213142395,75.79795169830322,77.10980081558228,78.43584942817688,79.78276348114014,81.06873893737793,82.38394594192505,83.70015788078308,84.9902663230896,86.31179714202881,87.63905477523804,88.88144636154175,90.11122250556946,91.42455744743347,92.74828290939331,94.02082228660583,95.30003547668457,96.56973195075989,97.83271598815918,99.11305022239685,100.3961410522461,101.70003390312195,102.97203516960144,104.28060531616211,105.56031465530396,106.85573029518127,108.13264846801758,109.4359085559845,110.72645235061646,112.01744484901428,113.31787538528442,114.60105061531067,115.88761162757874,117.17905235290527,118.46134805679321,119.74610471725464,121.05510568618774,122.34913611412048,123.71194410324097,125.00379991531372,126.29726552963257,127.58924508094788,128.88404965400696,130.15134000778198,131.4372160434723,132.75785112380981,134.0380198955536,135.31800436973572,136.59976387023926,137.87392926216125,139.13971519470215,140.3934624195099,141.65575575828552,142.91976618766785,144.19790983200073,145.50976371765137,146.77408909797668,148.04011154174805,149.32164788246155,150.60163116455078,151.90326619148254,153.18260741233826,154.4592101573944,155.76588559150696,157.0635712146759,158.34680128097534,159.64223456382751,160.9339461326599,162.21792221069336,163.50097370147705,164.78094744682312,166.0778419971466,167.36661791801453,168.67346358299255,169.95088267326355,171.25876593589783,172.53432250022888,173.82543563842773,175.11186480522156,176.4137623310089,177.6955873966217,178.97746992111206,180.33325839042664,181.64273762702942,182.91835021972656,184.19173979759216,185.47090792655945,186.76254415512085,188.07680010795593,189.65927052497864,190.93216347694397,192.36422991752625,193.67568683624268,194.9913067817688,196.28876042366028,197.57913541793823,198.86622166633606,200.13517904281616,201.4085030555725,202.69242548942566,203.95342326164246,205.20270705223083,206.45452737808228,207.74056339263916,209.0190668106079,210.28136086463928,211.54370880126953,212.8223979473114,214.12147998809814,215.38985657691956,216.63110184669495,217.92148184776306,219.19206190109253,220.46460914611816,221.73786878585815,223.072274684906,224.47015500068665,225.83252120018005,227.2088441848755,228.5577573776245,229.86224818229675,231.18224334716797,232.4869704246521,233.7814028263092,235.06757926940918,236.3585147857666,237.67597556114197,238.9668197631836,240.3034462928772,241.62373661994934,242.96000695228577,244.25844311714172,245.5552361011505,246.85709691047668,248.2070767879486,249.50557827949524,250.85627365112305,252.19978404045105,253.5227334499359,254.86298298835754,256.22556352615356,257.6448588371277,258.95000433921814,260.2543969154358,261.6135699748993,262.9078617095947,264.1973638534546,265.474223613739,266.75577044487,268.0250301361084,269.3198792934418,270.59589290618896,271.97311067581177,273.23359417915344,274.50525760650635,275.7733323574066,277.2012674808502,278.4828267097473,279.77966952323914,281.0299332141876,282.3182337284088,283.6191873550415,284.89150166511536,286.18746185302734,287.5228898525238,288.8281638622284,290.0782265663147,291.48706102371216,292.85385489463806,294.1344225406647,295.4204626083374,296.7094473838806,297.99568247795105,299.28982377052307,300.61139130592346,301.94225811958313,303.2226903438568,304.57671308517456,305.8698194026947,307.16266918182373,308.460818529129,309.8256618976593,311.1238315105438,312.40405440330505,313.7031235694885,314.98613572120667,316.33837890625,317.6305718421936,318.9162368774414,320.19868516921997,321.53444623947144,322.91121673583984,324.21565079689026,325.52616715431213,326.82959270477295,328.11748003959656,329.41408467292786,330.72043442726135,332.0263600349426,333.34535121917725,334.6410768032074,335.94311475753784,337.26977252960205,338.62769651412964,339.98235297203064,341.3285005092621,342.6281669139862,343.9775581359863,345.3162477016449,346.60914039611816,348.00083017349243,349.3036952018738,350.55085587501526,351.78709602355957,353.26071643829346,354.57589530944824,355.8853142261505,357.1787734031677,358.46426916122437,359.72680139541626,360.9996283054352,362.23792457580566,363.4743604660034,364.7429778575897,366.12059593200684,367.45070147514343,368.7698073387146,370.07186126708984,371.3498136997223,372.65370297431946,373.931519985199,375.2159495353699,376.51365542411804,377.80275893211365,379.06894636154175,380.36698365211487,381.6923837661743,382.998646736145,384.28255915641785,387.0085611343384,388.42511796951294,389.8265964984894,391.3776903152466,392.710657119751,394.09468269348145,395.40167760849,396.7093286514282,397.97692584991455,399.32289242744446,400.82716965675354,402.146931886673,403.4787998199463,405.12658190727234,406.42311835289,407.80910205841064,409.36621475219727,411.26981592178345,413.18054246902466,414.7654137611389,416.1522409915924,417.4843080043793,418.79228806495667,420.1735920906067,421.56699085235596,423.0006625652313,424.3669912815094,425.8101782798767,427.1025688648224,428.6763017177582,430.06800079345703,431.6338880062103,433.0432860851288,434.5012927055359,435.8952932357788,437.2934284210205,438.6879880428314,440.33434653282166,442.74256896972656,444.1548275947571,445.59447145462036,447.0379595756531,448.46715354919434,449.86213755607605,451.15748286247253,452.5353138446808,453.8625292778015,455.1801657676697,456.49079298973083,458.72971415519714,460.29580879211426,461.60274052619934,462.9039340019226,464.2070105075836,465.5274910926819,466.8469491004944,468.2078206539154,469.54013562202454,470.934451341629,472.2453820705414,473.6460163593292,475.06121015548706,476.46432542800903,477.86713552474976,479.19657254219055,480.51631569862366,481.8376486301422,483.20733284950256,484.5488703250885,485.95127964019775,487.40570163726807,488.80966687202454,490.18120646476746,491.5471589565277,492.83233761787415,494.15479826927185,495.49419927597046,496.7841913700104,498.1102890968323,499.4158923625946,500.73910760879517,502.0539689064026,503.36976408958435,504.6664135456085,505.97337579727173,507.3052372932434,508.66722536087036,509.9746813774109,511.2788190841675,512.5565521717072,513.8497190475464,515.1488089561462,516.4458055496216,517.774290561676,519.0750410556793,520.365074634552,521.660679101944,522.9463500976562,524.2215924263,525.5065078735352,526.8059234619141,528.0795938968658,529.3730249404907,530.6539103984833,531.9611296653748,533.2594480514526
total minutes,0.0,0.005774247646331787,0.02739577293395996,0.04844974676767985,0.06954125165939332,0.0908204992612203,0.11250036954879761,0.13362691402435303,0.15498265425364177,0.24265427589416505,0.265605636437734,0.28882865111033124,0.31110230286916096,0.3338837782541911,0.3559622049331665,0.38352437019348146,0.4058173696200053,0.4279401938120524,0.45012962420781455,0.4713357408841451,0.49246551990509035,0.5140620748202006,0.5367987593015034,0.558589243888855,0.580378011862437,0.6014869173367818,0.6226255615552266,0.643769367535909,0.6646433393160502,0.6857500076293945,0.7068198442459106,0.7278129657109579,0.7485880414644878,0.769717828432719,0.7907047549883525,0.8119479417800903,0.8329154451688131,0.854049289226532,0.8754908124605815,0.8969010790189107,0.9184753060340881,0.9399805744489034,0.9615039865175883,0.9826151649157207,1.0042751987775167,1.0256870945294698,1.0480413118998209,1.0694805145263673,1.092053198814392,1.114247993628184,1.1357027053833009,1.1568667411804199,1.1783827145894368,1.1996853550275166,1.2210590322812398,1.242215355237325,1.2632991949717203,1.2851633469263712,1.3072641571362813,1.329712724685669,1.3511456489562987,1.3730657656987508,1.3950026313463846,1.41650443871816,1.4385299523671469,1.460650912920634,1.4813574393590292,1.5018537084261576,1.5237426241238912,1.5458047151565553,1.5670137047767638,1.5883339246114094,1.6094955325126648,1.6305452664693196,1.651884170373281,1.673269017537435,1.6950005650520326,1.716200586160024,1.738010088602702,1.7593385775883992,1.7809288382530213,1.802210807800293,1.8239318092664083,1.8454408725102742,1.866957414150238,1.8886312564214072,1.9100175102551777,1.931460193792979,1.9529842058817546,1.9743558009465536,1.995768411954244,2.0175850947697955,2.039152268568675,2.061865735054016,2.0833966652552287,2.1049544254938763,2.126487418015798,2.1480674942334494,2.1691890001296996,2.1906202673912047,2.212630852063497,2.2339669982592265,2.2553000728289287,2.276662731170654,2.297898821036021,2.3189952532450357,2.3398910403251647,2.360929262638092,2.3819961031277974,2.403298497200012,2.4251627286275226,2.446234818299611,2.4673351923624676,2.488694131374359,2.5100271860758463,2.5317211031913756,2.553043456872304,2.5743201692899067,2.5960980931917828,2.617726186911265,2.639113354682922,2.6607039093971254,2.6822324355443317,2.703632036844889,2.725016228357951,2.746349124113719,2.767964033285777,2.789443631966909,2.811224393049876,2.832514711221059,2.854312765598297,2.8755720416704813,2.8970905939737954,2.918531080087026,2.940229372183482,2.9615931232770283,2.9829578320185344,3.0055543065071104,3.0273789604504904,3.048639170328776,3.0698623299598693,3.091181798775991,3.112709069252014,3.134613335132599,3.160987842082977,3.182202724615733,3.2060704986254374,3.227928113937378,3.24985511302948,3.271479340394338,3.2929855902989704,3.3144370277722675,3.3355863173802693,3.356808384259542,3.378207091490428,3.3992237210273744,3.4200451175371804,3.4409087896347046,3.4623427232106527,3.483651113510132,3.504689347743988,3.525728480021159,3.547039965788523,3.5686913331349692,3.5898309429486592,3.6105183641115826,3.6320246974627177,3.6532010316848753,3.6744101524353026,3.6956311464309692,3.7178712447484332,3.741169250011444,3.763875353336334,3.786814069747925,3.809295956293742,3.831037469704946,3.853037389119466,3.874782840410868,3.8963567137718202,3.9177929878234865,3.9393085797627765,3.961266259352366,3.9827803293863933,4.00505743821462,4.027062276999156,4.049333449204763,4.070974051952362,4.092587268352508,4.114284948507945,4.136784613132477,4.158426304658254,4.1809378941853845,4.203329734007517,4.225378890832265,4.247716383139292,4.270426058769226,4.294080980618795,4.315833405653636,4.337573281923929,4.360226166248322,4.3817976951599125,4.403289397557576,4.424570393562317,4.4459295074145,4.467083835601807,4.488664654890696,4.509931548436483,4.532885177930196,4.553893236319224,4.5750876267751055,4.596222205956777,4.620021124680837,4.641380445162455,4.662994492053985,4.68383222023646,4.70530389547348,4.726986455917358,4.74819169441859,4.769791030883789,4.7920481642087305,4.81380273103714,4.834637109438578,4.858117683728536,4.880897581577301,4.902240375677745,4.923674376805623,4.94515745639801,4.966594707965851,4.988163729508718,5.010189855098725,5.032370968659719,5.053711505730947,5.076278551419576,5.097830323378245,5.119377819697062,5.14101364215215,5.163761031627655,5.185397191842397,5.206734240055084,5.2283853928248085,5.249768928686778,5.272306315104166,5.29384286403656,5.315270614624024,5.336644752820333,5.358907437324524,5.381853612263997,5.403594179948171,5.425436119238536,5.447159878412882,5.468624667326609,5.490234744548798,5.512007240454356,5.5337726672490435,5.555755853652954,5.577351280053457,5.59905191262563,5.621162875493368,5.6437949419021605,5.666372549533844,5.6888083418210345,5.710469448566437,5.732959302266439,5.755270795027415,5.776819006601969,5.800013836224874,5.821728253364563,5.8425142645835875,5.863118267059326,5.887678607304891,5.909598255157471,5.931421903769175,5.952979556719462,5.974404486020406,5.995446689923605,6.016660471757253,6.037298742930094,6.057906007766723,6.079049630959829,6.102009932200114,6.124178357919058,6.146163455645243,6.167864354451497,6.189163561662038,6.210895049571991,6.232191999753316,6.253599158922831,6.275227590401967,6.296712648868561,6.317815772692362,6.339449727535248,6.361539729436239,6.38331077893575,6.404709319273631,6.450142685572306,6.473751966158549,6.497109941641489,6.52296150525411,6.545177618662517,6.568244711558024,6.5900279601415,6.61182214419047,6.632948764165243,6.655381540457408,6.680452827612559,6.702448864777883,6.724646663665771,6.752109698454539,6.773718639214834,6.796818367640177,6.822770245869955,6.854496932029724,6.886342374483744,6.912756896018982,6.935870683193206,6.958071800072988,6.979871467749278,7.002893201510111,7.026116514205933,7.050011042753855,7.072783188025157,7.0968363046646115,7.11837614774704,7.144605028629303,7.167800013224284,7.193898133436838,7.2173881014188135,7.241688211758931,7.264921553929647,7.288223807017008,7.311466467380524,7.338905775547028,7.3790428161621096,7.402580459912618,7.426574524243673,7.450632659594218,7.474452559153239,7.497702292601267,7.519291381041209,7.54225523074468,7.564375487963359,7.586336096127828,7.6081798831621805,7.645495235919952,7.671596813201904,7.693379008769989,7.71506556669871,7.736783508459727,7.758791518211365,7.78078248500824,7.803463677565257,7.8256689270337425,7.848907522360483,7.870756367842357,7.894100272655487,7.917686835924784,7.941072090466817,7.964452258745829,7.986609542369843,8.008605261643728,8.030627477169038,8.05345554749171,8.075814505418142,8.099187994003296,8.123428360621135,8.14682778120041,8.16968677441279,8.192452649275461,8.213872293631235,8.235913304487864,8.258236654599507,8.279736522833506,8.301838151613872,8.323598206043243,8.34565179347992,8.367566148440043,8.389496068159739,8.411106892426808,8.432889596621196,8.455087288220723,8.477787089347839,8.499578022956848,8.52131365140279,8.542609202861787,8.564161984125773,8.585813482602438,8.607430092493694,8.629571509361266,8.651250684261322,8.6727512439092,8.694344651699065,8.715772501627605,8.737026540438334,8.758441797892253,8.780098724365235,8.801326564947765,8.822883749008179,8.844231839974722,8.866018827756246,8.88765746752421
cummulative feedback,0.0,0.0,0.0,0.0,0.0,0.0,0.0,0.0,0.0,0.0,0.0,0.0,0.0,0.0,0.0,0.0,0.0,0.0,0.0,0.0,0.0,0.0,0.0,0.0,0.0,0.0,0.0,0.0,0.0,0.0,0.0,0.0,0.0,0.0,0.0,0.0,0.0,0.0,0.0,0.0,0.0,0.0,0.0,0.0,0.0,0.0,0.0,0.0,0.0,0.0,0.0,0.0,0.0,0.0,0.0,0.0,0.0,0.0,0.0,0.0,0.0,0.0,0.0,0.0,0.0,0.0,0.0,0.0,0.0,0.0,0.0,0.0,0.0,0.0,0.0,0.0,0.0,0.0,0.0,0.0,0.0,0.0,0.0,0.0,0.0,0.0,0.0,0.0,0.0,0.0,0.0,0.0,0.0,0.0,0.0,0.0,0.0,0.0,0.0,0.0,0.0,0.0,0.0,0.0,0.0,0.0,0.0,0.0,0.0,0.0,0.0,0.0,0.0,0.0,0.0,0.0,0.0,0.0,0.0,0.0,0.0,0.0,0.0,0.0,0.0,0.0,0.0,0.0,0.0,0.0,0.0,0.0,0.0,0.0,0.0,0.0,0.0,0.0,0.0,0.0,0.0,0.0,0.0,0.0,0.0,0.0,0.0,0.0,0.0,0.0,0.0,0.0,0.0,0.0,0.0,0.0,0.0,0.0,0.0,0.0,0.0,0.0,0.0,0.0,0.0,0.0,0.0,0.0,0.0,0.0,0.0,0.0,0.0,0.0,0.0,0.0,0.0,0.0,0.0,0.0,0.0,0.0,0.0,0.0,0.0,0.0,0.0,0.0,0.0,0.0,0.0,0.0,0.0,0.0,0.0,0.0,0.0,0.0,0.0,0.0,0.0,0.0,0.0,0.0,0.0,0.0,0.0,0.0,0.0,0.0,0.0,0.0,0.0,0.0,0.0,0.0,0.0,0.0,0.0,0.0,0.0,0.0,0.0,0.0,0.0,0.0,0.0,0.0,0.0,0.0,0.0,0.0,0.0,0.0,0.0,0.0,0.0,0.0,0.0,0.0,0.0,0.0,0.0,0.0,0.0,0.0,0.0,0.0,0.0,0.0,0.0,0.0,0.0,0.0,0.0,0.0,0.0,0.0,0.0,0.0,0.0,0.0,0.0,0.0,0.0,0.0,0.0,0.0,0.0,0.0,0.0,0.0,0.0,0.0,0.0,0.0,0.0,0.0,0.0,0.0,0.0,0.0,0.0,0.0,0.0,0.0,0.0,0.0,0.0,0.0,0.0,0.0,0.0,0.0,0.0,0.0,0.0,0.0,0.0,0.0,0.0,0.0,0.0,0.0,0.0,0.0,0.0,0.0,0.0,0.0,0.0,0.0,0.0,0.0,0.0,0.0,0.0,0.0,0.0,0.0,0.0,0.0,0.0,0.0,0.0,0.0,0.0,0.0,0.0,0.0,0.0,0.0,0.0,0.0,0.0,0.0,0.0,0.0,0.0,0.0,0.0,0.0,0.0,0.0,0.0,0.0,0.0,0.0,0.0,0.0,0.0,0.0,0.0,0.0,0.0,0.0,0.0,0.0,0.0,0.0,0.0,0.0,0.0,0.0,0.0,0.0,0.0,0.0,0.0,0.0,0.0,0.0,0.0,0.0,0.0,0.0,0.0,0.0,0.0,0.0,0.0,0.0,0.0,0.0,0.0,0.0,0.0,0.0,0.0,0.0,0.0,0.0,0.0,0.0,0.0,0.0,0.0,0.0,0.0,0.0
e,0.1,0.1,0.1,0.1,0.1,0.1,0.1,0.1,0.1,0.1,0.1,0.1,0.1,0.1,0.1,0.1,0.1,0.1,0.1,0.1,0.1,0.1,0.1,0.1,0.1,0.1,0.1,0.1,0.1,0.1,0.1,0.1,0.1,0.1,0.1,0.1,0.1,0.1,0.1,0.1,0.1,0.1,0.1,0.1,0.1,0.1,0.1,0.1,0.1,0.1,0.1,0.1,0.1,0.1,0.1,0.1,0.1,0.1,0.1,0.1,0.1,0.1,0.1,0.1,0.1,0.1,0.1,0.1,0.1,0.1,0.1,0.1,0.1,0.1,0.1,0.1,0.1,0.1,0.1,0.1,0.1,0.1,0.1,0.1,0.1,0.1,0.1,0.1,0.1,0.1,0.1,0.1,0.1,0.1,0.1,0.1,0.1,0.1,0.1,0.1,0.1,0.1,0.1,0.1,0.1,0.1,0.1,0.1,0.1,0.1,0.1,0.1,0.1,0.1,0.1,0.1,0.1,0.1,0.1,0.1,0.1,0.1,0.1,0.1,0.1,0.1,0.1,0.1,0.1,0.1,0.1,0.1,0.1,0.1,0.1,0.1,0.1,0.1,0.1,0.1,0.1,0.1,0.1,0.1,0.1,0.1,0.1,0.1,0.1,0.1,0.1,0.1,0.1,0.1,0.1,0.1,0.1,0.1,0.1,0.1,0.1,0.1,0.1,0.1,0.1,0.1,0.1,0.1,0.1,0.1,0.1,0.1,0.1,0.1,0.1,0.1,0.1,0.1,0.1,0.1,0.1,0.1,0.1,0.1,0.1,0.1,0.1,0.1,0.1,0.1,0.1,0.1,0.1,0.1,0.1,0.1,0.1,0.1,0.1,0.1,0.1,0.1,0.1,0.1,0.1,0.1,0.1,0.1,0.1,0.1,0.1,0.1,0.1,0.1,0.1,0.1,0.1,0.1,0.1,0.1,0.1,0.1,0.1,0.1,0.1,0.1,0.1,0.1,0.1,0.1,0.1,0.1,0.1,0.1,0.1,0.1,0.1,0.1,0.1,0.1,0.1,0.1,0.1,0.1,0.1,0.1,0.1,0.1,0.1,0.1,0.1,0.1,0.1,0.1,0.1,0.1,0.1,0.1,0.1,0.1,0.1,0.1,0.1,0.1,0.1,0.1,0.1,0.1,0.1,0.1,0.1,0.1,0.1,0.1,0.1,0.1,0.1,0.1,0.1,0.1,0.1,0.1,0.1,0.1,0.1,0.1,0.1,0.1,0.1,0.1,0.1,0.1,0.1,0.1,0.1,0.1,0.1,0.1,0.1,0.1,0.1,0.1,0.1,0.1,0.1,0.1,0.1,0.1,0.1,0.1,0.1,0.1,0.1,0.1,0.1,0.1,0.1,0.1,0.1,0.1,0.1,0.1,0.1,0.1,0.1,0.1,0.1,0.1,0.1,0.1,0.1,0.1,0.1,0.1,0.1,0.1,0.1,0.1,0.1,0.1,0.1,0.1,0.1,0.1,0.1,0.1,0.1,0.1,0.1,0.1,0.1,0.1,0.1,0.1,0.1,0.1,0.1,0.1,0.1,0.1,0.1,0.1,0.1,0.1,0.1,0.1,0.1,0.1,0.1,0.1,0.1,0.1,0.1,0.1,0.1,0.1,0.1,0.1,0.1,0.1,0.1,0.1,0.1,0.1,0.1,0.1,0.1,0.1,0.1,0.1,0.1,0.1,0.1,0.1,0.1,0.1,0.1,0.1,0.1,0.1
buffer size,15000.0,15000.0,15000.0,15000.0,15000.0,15000.0,15000.0,15000.0,15000.0,15000.0,15000.0,15000.0,15000.0,15000.0,15000.0,15000.0,15000.0,15000.0,15000.0,15000.0,15000.0,15000.0,15000.0,15000.0,15000.0,15000.0,15000.0,15000.0,15000.0,15000.0,15000.0,15000.0,15000.0,15000.0,15000.0,15000.0,15000.0,15000.0,15000.0,15000.0,15000.0,15000.0,15000.0,15000.0,15000.0,15000.0,15000.0,15000.0,15000.0,15000.0,15000.0,15000.0,15000.0,15000.0,15000.0,15000.0,15000.0,15000.0,15000.0,15000.0,15000.0,15000.0,15000.0,15000.0,15000.0,15000.0,15000.0,15000.0,15000.0,15000.0,15000.0,15000.0,15000.0,15000.0,15000.0,15000.0,15000.0,15000.0,15000.0,15000.0,15000.0,15000.0,15000.0,15000.0,15000.0,15000.0,15000.0,15000.0,15000.0,15000.0,15000.0,15000.0,15000.0,15000.0,15000.0,15000.0,15000.0,15000.0,15000.0,15000.0,15000.0,15000.0,15000.0,15000.0,15000.0,15000.0,15000.0,15000.0,15000.0,15000.0,15000.0,15000.0,15000.0,15000.0,15000.0,15000.0,15000.0,15000.0,15000.0,15000.0,15000.0,15000.0,15000.0,15000.0,15000.0,15000.0,15000.0,15000.0,15000.0,15000.0,15000.0,15000.0,15000.0,15000.0,15000.0,15000.0,15000.0,15000.0,15000.0,15000.0,15000.0,15000.0,15000.0,15000.0,15000.0,15000.0,15000.0,15000.0,15000.0,15000.0,15000.0,15000.0,15000.0,15000.0,15000.0,15000.0,15000.0,15000.0,15000.0,15000.0,15000.0,15000.0,15000.0,15000.0,15000.0,15000.0,15000.0,15000.0,15000.0,15000.0,15000.0,15000.0,15000.0,15000.0,15000.0,15000.0,15000.0,15000.0,15000.0,15000.0,15000.0,15000.0,15000.0,15000.0,15000.0,15000.0,15000.0,15000.0,15000.0,15000.0,15000.0,15000.0,15000.0,15000.0,15000.0,15000.0,15000.0,15000.0,15000.0,15000.0,15000.0,15000.0,15000.0,15000.0,15000.0,15000.0,15000.0,15000.0,15000.0,15000.0,15000.0,15000.0,15000.0,15000.0,15000.0,15000.0,15000.0,15000.0,15000.0,15000.0,15000.0,15000.0,15000.0,15000.0,15000.0,15000.0,15000.0,15000.0,15000.0,15000.0,15000.0,15000.0,15000.0,15000.0,15000.0,15000.0,15000.0,15000.0,15000.0,15000.0,15000.0,15000.0,15000.0,15000.0,15000.0,15000.0,15000.0,15000.0,15000.0,15000.0,15000.0,15000.0,15000.0,15000.0,15000.0,15000.0,15000.0,15000.0,15000.0,15000.0,15000.0,15000.0,15000.0,15000.0,15000.0,15000.0,15000.0,15000.0,15000.0,15000.0,15000.0,15000.0,15000.0,15000.0,15000.0,15000.0,15000.0,15000.0,15000.0,15000.0,15000.0,15000.0,15000.0,15000.0,15000.0,15000.0,15000.0,15000.0,15000.0,15000.0,15000.0,15000.0,15000.0,15000.0,15000.0,15000.0,15000.0,15000.0,15000.0,15000.0,15000.0,15000.0,15000.0,15000.0,15000.0,15000.0,15000.0,15000.0,15000.0,15000.0,15000.0,15000.0,15000.0,15000.0,15000.0,15000.0,15000.0,15000.0,15000.0,15000.0,15000.0,15000.0,15000.0,15000.0,15000.0,15000.0,15000.0,15000.0,15000.0,15000.0,15000.0,15000.0,15000.0,15000.0,15000.0,15000.0,15000.0,15000.0,15000.0,15000.0,15000.0,15000.0,15000.0,15000.0,15000.0,15000.0,15000.0,15000.0,15000.0,15000.0,15000.0,15000.0,15000.0,15000.0,15000.0,15000.0,15000.0,15000.0,15000.0,15000.0,15000.0,15000.0,15000.0,15000.0,15000.0,15000.0,15000.0,15000.0,15000.0,15000.0,15000.0,15000.0,15000.0,15000.0,15000.0,15000.0,15000.0,15000.0,15000.0,15000.0,15000.0,15000.0,15000.0,15000.0,15000.0,15000.0,15000.0,15000.0,15000.0,15000.0,15000.0,15000.0,15000.0,15000.0,15000.0,15000.0,15000.0,15000.0,15000.0,15000.0
human model,1.0,1.0,1.0,1.0,1.0,1.0,1.0,1.0,1.0,1.0,1.0,1.0,1.0,1.0,1.0,1.0,1.0,1.0,1.0,1.0,1.0,1.0,1.0,1.0,1.0,1.0,1.0,1.0,1.0,1.0,1.0,1.0,1.0,1.0,1.0,1.0,1.0,1.0,1.0,1.0,1.0,1.0,1.0,1.0,1.0,1.0,1.0,1.0,1.0,1.0,1.0,1.0,1.0,1.0,1.0,1.0,1.0,1.0,1.0,1.0,1.0,1.0,1.0,1.0,1.0,1.0,1.0,1.0,1.0,1.0,1.0,1.0,1.0,1.0,1.0,1.0,1.0,1.0,1.0,1.0,1.0,1.0,1.0,1.0,1.0,1.0,1.0,1.0,1.0,1.0,1.0,1.0,1.0,1.0,1.0,1.0,1.0,1.0,1.0,1.0,1.0,1.0,1.0,1.0,1.0,1.0,1.0,1.0,1.0,1.0,1.0,1.0,1.0,1.0,1.0,1.0,1.0,1.0,1.0,1.0,1.0,1.0,1.0,1.0,1.0,1.0,1.0,1.0,1.0,1.0,1.0,1.0,1.0,1.0,1.0,1.0,1.0,1.0,1.0,1.0,1.0,1.0,1.0,1.0,1.0,1.0,1.0,1.0,1.0,1.0,1.0,1.0,1.0,1.0,1.0,1.0,1.0,1.0,1.0,1.0,1.0,1.0,1.0,1.0,1.0,1.0,1.0,1.0,1.0,1.0,1.0,1.0,1.0,1.0,1.0,1.0,1.0,1.0,1.0,1.0,1.0,1.0,1.0,1.0,1.0,1.0,1.0,1.0,1.0,1.0,1.0,1.0,1.0,1.0,1.0,1.0,1.0,1.0,1.0,1.0,1.0,1.0,1.0,1.0,1.0,1.0,1.0,1.0,1.0,1.0,1.0,1.0,1.0,1.0,1.0,1.0,1.0,1.0,1.0,1.0,1.0,1.0,1.0,1.0,1.0,1.0,1.0,1.0,1.0,1.0,1.0,1.0,1.0,1.0,1.0,1.0,1.0,1.0,1.0,1.0,1.0,1.0,1.0,1.0,1.0,1.0,1.0,1.0,1.0,1.0,1.0,1.0,1.0,1.0,1.0,1.0,1.0,1.0,1.0,1.0,1.0,1.0,1.0,1.0,1.0,1.0,1.0,1.0,1.0,1.0,1.0,1.0,1.0,1.0,1.0,1.0,1.0,1.0,1.0,1.0,1.0,1.0,1.0,1.0,1.0,1.0,1.0,1.0,1.0,1.0,1.0,1.0,1.0,1.0,1.0,1.0,1.0,1.0,1.0,1.0,1.0,1.0,1.0,1.0,1.0,1.0,1.0,1.0,1.0,1.0,1.0,1.0,1.0,1.0,1.0,1.0,1.0,1.0,1.0,1.0,1.0,1.0,1.0,1.0,1.0,1.0,1.0,1.0,1.0,1.0,1.0,1.0,1.0,1.0,1.0,1.0,1.0,1.0,1.0,1.0,1.0,1.0,1.0,1.0,1.0,1.0,1.0,1.0,1.0,1.0,1.0,1.0,1.0,1.0,1.0,1.0,1.0,1.0,1.0,1.0,1.0,1.0,1.0,1.0,1.0,1.0,1.0,1.0,1.0,1.0,1.0,1.0,1.0,1.0,1.0,1.0,1.0,1.0,1.0,1.0,1.0,1.0,1.0,1.0,1.0,1.0,1.0,1.0,1.0,1.0,1.0,1.0,1.0,1.0,1.0,1.0,1.0,1.0,1.0,1.0
tau,1e-05,1e-05,1e-05,1e-05,1e-05,1e-05,1e-05,1e-05,1e-05,1e-05,1e-05,1e-05,1e-05,1e-05,1e-05,1e-05,1e-05,1e-05,1e-05,1e-05,1e-05,1e-05,1e-05,1e-05,1e-05,1e-05,1e-05,1e-05,1e-05,1e-05,1e-05,1e-05,1e-05,1e-05,1e-05,1e-05,1e-05,1e-05,1e-05,1e-05,1e-05,1e-05,1e-05,1e-05,1e-05,1e-05,1e-05,1e-05,1e-05,1e-05,1e-05,1e-05,1e-05,1e-05,1e-05,1e-05,1e-05,1e-05,1e-05,1e-05,1e-05,1e-05,1e-05,1e-05,1e-05,1e-05,1e-05,1e-05,1e-05,1e-05,1e-05,1e-05,1e-05,1e-05,1e-05,1e-05,1e-05,1e-05,1e-05,1e-05,1e-05,1e-05,1e-05,1e-05,1e-05,1e-05,1e-05,1e-05,1e-05,1e-05,1e-05,1e-05,1e-05,1e-05,1e-05,1e-05,1e-05,1e-05,1e-05,1e-05,1e-05,1e-05,1e-05,1e-05,1e-05,1e-05,1e-05,1e-05,1e-05,1e-05,1e-05,1e-05,1e-05,1e-05,1e-05,1e-05,1e-05,1e-05,1e-05,1e-05,1e-05,1e-05,1e-05,1e-05,1e-05,1e-05,1e-05,1e-05,1e-05,1e-05,1e-05,1e-05,1e-05,1e-05,1e-05,1e-05,1e-05,1e-05,1e-05,1e-05,1e-05,1e-05,1e-05,1e-05,1e-05,1e-05,1e-05,1e-05,1e-05,1e-05,1e-05,1e-05,1e-05,1e-05,1e-05,1e-05,1e-05,1e-05,1e-05,1e-05,1e-05,1e-05,1e-05,1e-05,1e-05,1e-05,1e-05,1e-05,1e-05,1e-05,1e-05,1e-05,1e-05,1e-05,1e-05,1e-05,1e-05,1e-05,1e-05,1e-05,1e-05,1e-05,1e-05,1e-05,1e-05,1e-05,1e-05,1e-05,1e-05,1e-05,1e-05,1e-05,1e-05,1e-05,1e-05,1e-05,1e-05,1e-05,1e-05,1e-05,1e-05,1e-05,1e-05,1e-05,1e-05,1e-05,1e-05,1e-05,1e-05,1e-05,1e-05,1e-05,1e-05,1e-05,1e-05,1e-05,1e-05,1e-05,1e-05,1e-05,1e-05,1e-05,1e-05,1e-05,1e-05,1e-05,1e-05,1e-05,1e-05,1e-05,1e-05,1e-05,1e-05,1e-05,1e-05,1e-05,1e-05,1e-05,1e-05,1e-05,1e-05,1e-05,1e-05,1e-05,1e-05,1e-05,1e-05,1e-05,1e-05,1e-05,1e-05,1e-05,1e-05,1e-05,1e-05,1e-05,1e-05,1e-05,1e-05,1e-05,1e-05,1e-05,1e-05,1e-05,1e-05,1e-05,1e-05,1e-05,1e-05,1e-05,1e-05,1e-05,1e-05,1e-05,1e-05,1e-05,1e-05,1e-05,1e-05,1e-05,1e-05,1e-05,1e-05,1e-05,1e-05,1e-05,1e-05,1e-05,1e-05,1e-05,1e-05,1e-05,1e-05,1e-05,1e-05,1e-05,1e-05,1e-05,1e-05,1e-05,1e-05,1e-05,1e-05,1e-05,1e-05,1e-05,1e-05,1e-05,1e-05,1e-05,1e-05,1e-05,1e-05,1e-05,1e-05,1e-05,1e-05,1e-05,1e-05,1e-05,1e-05,1e-05,1e-05,1e-05,1e-05,1e-05,1e-05,1e-05,1e-05,1e-05,1e-05,1e-05,1e-05,1e-05,1e-05,1e-05,1e-05,1e-05,1e-05,1e-05,1e-05,1e-05,1e-05,1e-05,1e-05,1e-05,1e-05,1e-05,1e-05,1e-05,1e-05,1e-05,1e-05,1e-05,1e-05,1e-05,1e-05,1e-05,1e-05,1e-05,1e-05,1e-05,1e-05,1e-05,1e-05,1e-05,1e-05,1e-05,1e-05,1e-05,1e-05,1e-05,1e-05,1e-05,1e-05,1e-05,1e-05,1e-05,1e-05,1e-05,1e-05,1e-05,1e-05,1e-05,1e-05,1e-05,1e-05,1e-05,1e-05,1e-05,1e-05,1e-05,1e-05,1e-05,1e-05,1e-05,1e-05,1e-05,1e-05,1e-05
total_success,0.0,0.0,0.0,0.0,0.0,0.0,0.0,0.0,0.0,0.0,0.0,0.0,0.0,31.0,31.0,31.0,31.0,31.0,31.0,31.0,31.0,78.0,78.0,78.0,78.0,78.0,78.0,78.0,78.0,129.0,165.0,165.0,165.0,165.0,205.0,205.0,205.0,205.0,243.0,243.0,243.0,243.0,243.0,243.0,243.0,281.0,281.0,281.0,323.0,323.0,323.0,366.0,412.0,452.0,452.0,452.0,452.0,452.0,452.0,452.0,452.0,452.0,452.0,496.0,496.0,539.0,586.0,586.0,586.0,586.0,626.0,626.0,626.0,626.0,626.0,657.0,657.0,657.0,657.0,657.0,705.0,705.0,737.0,737.0,770.0,770.0,820.0,820.0,873.0,912.0,912.0,957.0,957.0,975.0,1015.0,1015.0,1059.0,1108.0,1108.0,1108.0,1151.0,1186.0,1225.0,1267.0,1309.0,1309.0,1309.0,1349.0,1384.0,1417.0,1457.0,1457.0,1494.0,1545.0,1590.0,1590.0,1634.0,1634.0,1679.0,1679.0,1679.0,1710.0,1756.0,1808.0,1837.0,1837.0,1872.0,1872.0,1917.0,1917.0,1957.0,2002.0,2048.0,2048.0,2096.0,2096.0,2096.0,2137.0,2175.0,2205.0,2205.0,2248.0,2248.0,2289.0,2338.0,2374.0,2413.0,2413.0,2459.0,2459.0,2499.0,2545.0,2586.0,2626.0,2626.0,2669.0,2706.0,2735.0,2776.0,2776.0,2821.0,2860.0,2860.0,2903.0,2936.0,2936.0,2972.0,3011.0,3055.0,3055.0,3106.0,3139.0,3175.0,3226.0,3278.0,3278.0,3278.0,3316.0,3367.0,3410.0,3454.0,3494.0,3529.0,3529.0,3529.0,3576.0,3619.0,3661.0,3703.0,3744.0,3780.0,3780.0,3828.0,3880.0,3922.0,3964.0,4009.0,4058.0,4107.0,4145.0,4148.0,4148.0,4187.0,4229.0,4229.0,4279.0,4321.0,4321.0,4321.0,4362.0,4413.0,4465.0,4465.0,4465.0,4509.0,4509.0,4550.0,4550.0,4576.0,4576.0,4576.0,4576.0,4617.0,4667.0,4706.0,4749.0,4785.0,4826.0,4876.0,4920.0,4964.0,4964.0,4964.0,5015.0,5015.0,5066.0,5103.0,5110.0,5110.0,5152.0,5199.0,5241.0,5285.0,5327.0,5368.0,5368.0,5415.0,5441.0,5487.0,5535.0,5577.0,5617.0,5653.0,5691.0,5732.0,5778.0,5817.0,5860.0,5902.0,5949.0,5998.0,6040.0,6081.0,6081.0,6129.0,6168.0,6214.0,6252.0,6292.0,6324.0,6367.0,6408.0,6408.0,6449.0,6491.0,6491.0,6529.0,6549.0,6549.0,6595.0,6647.0,6695.0,6736.0,6781.0,6820.0,6854.0,6902.0,6902.0,6941.0,6986.0,7032.0,7083.0,7132.0,7164.0,7199.0,7240.0,7284.0,7330.0,7376.0,7422.0,7467.0,7506.0,7547.0,7589.0,7630.0,7677.0,7677.0,7721.0,7721.0,7761.0,7797.0,7836.0,7886.0,7923.0,7967.0,8015.0,8015.0,8015.0,8054.0,8054.0,8102.0,8141.0,8182.0,8217.0,8247.0,8290.0,8328.0,8372.0,8413.0,8446.0,8494.0,8530.0,8560.0,8611.0,8658.0,8699.0,8739.0,8787.0,8829.0,8871.0,8917.0,8967.0,9012.0,9061.0,9108.0,9156.0,9200.0,9228.0,9277.0,9315.0,9352.0,9352.0,9352.0,9396.0,9436.0,9436.0,9436.0,9482.0,9524.0,9566.0,9609.0,9609.0,9658.0,9700.0,9700.0,9700.0,9744.0,9785.0,9822.0,9822.0,9864.0,9907.0,9954.0,9954.0,9954.0,9993.0,10036.0,10069.0,10109.0,10157.0,10204.0,10204.0,10252.0,10280.0,10280.0,10331.0,10376.0,10412.0,10454.0,10499.0,10540.0,10579.0,10622.0,10669.0,10716.0,10716.0,10759.0,10794.0,10837.0,10878.0
total_success_div_episode,0.0,0.0,0.0,0.0,0.0,0.0,0.0,0.0,0.0,0.0,0.0,0.0,0.0,2.3846153846153846,2.2142857142857144,2.066666666666667,1.9375,1.8235294117647058,1.7222222222222223,1.631578947368421,1.55,3.7142857142857144,3.5454545454545454,3.391304347826087,3.25,3.12,3.0,2.888888888888889,2.7857142857142856,4.448275862068965,5.5,5.32258064516129,5.15625,5.0,6.029411764705882,5.857142857142857,5.694444444444445,5.54054054054054,6.394736842105263,6.230769230769231,6.075,5.926829268292683,5.785714285714286,5.651162790697675,5.5227272727272725,6.2444444444444445,6.108695652173913,5.9787234042553195,6.729166666666667,6.591836734693878,6.46,7.176470588235294,7.923076923076923,8.528301886792454,8.37037037037037,8.218181818181819,8.071428571428571,7.9298245614035086,7.793103448275862,7.661016949152542,7.533333333333333,7.409836065573771,7.290322580645161,7.873015873015873,7.75,8.292307692307693,8.878787878787879,8.746268656716419,8.617647058823529,8.492753623188406,8.942857142857143,8.816901408450704,8.694444444444445,8.575342465753424,8.45945945945946,8.76,8.644736842105264,8.532467532467532,8.423076923076923,8.316455696202532,8.8125,8.703703703703704,8.987804878048781,8.879518072289157,9.166666666666666,9.058823529411764,9.534883720930232,9.425287356321839,9.920454545454545,10.247191011235955,10.133333333333333,10.516483516483516,10.402173913043478,10.483870967741936,10.797872340425531,10.68421052631579,11.03125,11.422680412371134,11.306122448979592,11.191919191919192,11.51,11.742574257425742,12.009803921568627,12.300970873786408,12.586538461538462,12.466666666666667,12.349056603773585,12.607476635514018,12.814814814814815,13.0,13.245454545454546,13.126126126126126,13.339285714285714,13.672566371681416,13.947368421052632,13.826086956521738,14.086206896551724,13.965811965811966,14.228813559322035,14.109243697478991,13.991666666666667,14.132231404958677,14.39344262295082,14.699186991869919,14.814516129032258,14.696,14.857142857142858,14.740157480314961,14.9765625,14.86046511627907,15.053846153846154,15.282442748091603,15.515151515151516,15.398496240601503,15.64179104477612,15.525925925925925,15.411764705882353,15.598540145985401,15.76086956521739,15.863309352517986,15.75,15.943262411347519,15.830985915492958,16.006993006993007,16.23611111111111,16.372413793103448,16.527397260273972,16.41496598639456,16.614864864864863,16.503355704697988,16.66,16.85430463576159,17.013157894736842,17.163398692810457,17.051948051948052,17.219354838709677,17.346153846153847,17.420382165605094,17.569620253164558,17.459119496855347,17.63125,17.763975155279503,17.65432098765432,17.809815950920246,17.902439024390244,17.793939393939393,17.903614457831324,18.02994011976048,18.18452380952381,18.076923076923077,18.270588235294117,18.35672514619883,18.459302325581394,18.647398843930635,18.839080459770116,18.731428571428573,18.625,18.73446327683616,18.915730337078653,19.050279329608937,19.18888888888889,19.303867403314918,19.39010989010989,19.284153005464482,19.179347826086957,19.32972972972973,19.456989247311828,19.577540106951872,19.6968085106383,19.80952380952381,19.894736842105264,19.790575916230367,19.9375,20.10362694300518,20.216494845360824,20.328205128205127,20.45408163265306,20.598984771573605,20.742424242424242,20.829145728643216,20.74,20.63681592039801,20.72772277227723,20.832512315270936,20.730392156862745,20.87317073170732,20.975728155339805,20.8743961352657,20.77403846153846,20.870813397129186,21.014285714285716,21.161137440758292,21.06132075471698,20.962441314553992,21.070093457943926,20.972093023255812,21.064814814814813,20.967741935483872,20.990825688073393,20.894977168949772,20.8,20.705882352941178,20.7972972972973,20.928251121076233,21.008928571428573,21.106666666666666,21.172566371681416,21.259911894273127,21.385964912280702,21.48471615720524,21.582608695652173,21.48917748917749,21.396551724137932,21.523605150214593,21.431623931623932,21.557446808510637,21.622881355932204,21.561181434599156,21.470588235294116,21.556485355648537,21.6625,21.74688796680498,21.83884297520661,21.921810699588477,22.0,21.910204081632653,22.01219512195122,22.02834008097166,22.125,22.228915662650603,22.308,22.378486055776893,22.432539682539684,22.49407114624506,22.566929133858267,22.658823529411766,22.72265625,22.801556420233464,22.875968992248062,22.969111969111967,23.06923076923077,23.14176245210728,23.209923664122137,23.121673003802282,23.21590909090909,23.275471698113208,23.360902255639097,23.415730337078653,23.47761194029851,23.509293680297397,23.581481481481482,23.645756457564577,23.558823529411764,23.622710622710624,23.68978102189781,23.603636363636365,23.655797101449274,23.642599277978338,23.557553956834532,23.63799283154122,23.739285714285714,23.82562277580071,23.886524822695037,23.96113074204947,24.014084507042252,24.049122807017543,24.132867132867133,24.048780487804876,24.100694444444443,24.173010380622838,24.248275862068965,24.34020618556701,24.424657534246574,24.450511945392492,24.48639455782313,24.54237288135593,24.60810810810811,24.68013468013468,24.751677852348994,24.82274247491639,24.89,24.93687707641196,24.990066225165563,25.046204620462046,25.098684210526315,25.17049180327869,25.08823529411765,25.149837133550488,25.068181818181817,25.116504854368934,25.151612903225807,25.19614147909968,25.275641025641026,25.313099041533548,25.372611464968152,25.444444444444443,25.36392405063291,25.28391167192429,25.32704402515723,25.247648902821318,25.31875,25.361370716510905,25.40993788819876,25.439628482972136,25.453703703703702,25.50769230769231,25.54601226993865,25.60244648318043,25.649390243902438,25.671732522796354,25.73939393939394,25.770392749244714,25.783132530120483,25.85885885885886,25.922155688622755,25.96716417910448,26.008928571428573,26.07418397626113,26.12130177514793,26.168141592920353,26.226470588235294,26.296187683284458,26.350877192982455,26.416909620991255,26.476744186046513,26.53913043478261,26.589595375722542,26.59365994236311,26.658045977011493,26.69054441260745,26.72,26.643874643874643,26.568181818181817,26.61756373937677,26.65536723163842,26.580281690140843,26.50561797752809,26.560224089635856,26.60335195530726,26.64623955431755,26.691666666666666,26.617728531855956,26.679558011049725,26.72176308539945,26.64835164835165,26.575342465753426,26.62295081967213,26.662125340599456,26.690217391304348,26.617886178861788,26.65945945945946,26.703504043126685,26.758064516129032,26.68632707774799,26.614973262032084,26.648,26.69148936170213,26.70822281167109,26.743386243386244,26.799472295514512,26.852631578947367,26.78215223097113,26.837696335078533,26.840731070496084,26.770833333333332,26.833766233766234,26.88082901554404,26.90439276485788,26.943298969072163,26.989717223650384,27.025641025641026,27.056265984654733,27.096938775510203,27.147582697201017,27.19796954314721,27.129113924050632,27.16919191919192,27.188916876574307,27.228643216080403,27.263157894736842
total_policy_loss_agent,0.0,0.0,0.0,0.0,0.0,0.0,0.0,0.0,0.0,0.0,0.0,0.0,0.0,0.0,0.0,0.0,0.0,0.0,0.0,0.0,0.0,0.0,0.0,0.0,0.0,0.0,0.0,0.0,0.0,0.0,0.0,0.0,0.0,0.0,0.0,0.0,0.0,0.0,0.0,0.0,0.0,0.0,0.0,0.0,0.0,0.0,0.0,0.0,0.0,0.0,0.0,0.0,0.0,0.0,0.0,0.0,0.0,0.0,0.0,0.0,0.0,0.0,0.0,0.0,0.0,0.0,0.0,0.0,0.0,0.0,0.0,0.0,0.0,0.0,0.0,0.0,0.0,0.0,0.0,0.0,0.0,0.0,0.0,0.0,0.0,0.0,0.0,0.0,0.0,0.0,0.0,0.0,0.0,0.0,0.0,0.0,0.0,0.0,0.0,0.0,0.0,0.0,0.0,0.0,0.0,0.0,0.0,0.0,0.0,0.0,0.0,0.0,0.0,0.0,0.0,0.0,0.0,0.0,0.0,0.0,0.0,0.0,0.0,0.0,0.0,0.0,0.0,0.0,0.0,0.0,0.0,0.0,0.0,0.0,0.0,0.0,0.0,0.0,0.0,0.0,0.0,0.0,0.0,0.0,0.0,0.0,0.0,0.0,0.0,0.0,0.0,0.0,0.0,0.0,0.0,0.0,0.0,0.0,0.0,0.0,0.0,0.0,0.0,0.0,0.0,0.0,0.0,0.0,0.0,0.0,0.0,0.0,0.0,0.0,0.0,0.0,0.0,0.0,0.0,0.0,0.0,0.0,0.0,0.0,0.0,0.0,0.0,0.0,0.0,0.0,0.0,0.0,0.0,0.0,0.0,0.0,0.0,0.0,0.0,0.0,0.0,0.0,0.0,0.0,0.0,0.0,0.0,0.0,0.0,0.0,0.0,0.0,0.0,0.0,0.0,0.0,0.0,0.0,0.0,0.0,0.0,0.0,0.0,0.0,0.0,0.0,0.0,0.0,0.0,0.0,0.0,0.0,0.0,0.0,0.0,0.0,0.0,0.0,0.0,0.0,0.0,0.0,0.0,0.0,0.0,0.0,0.0,0.0,0.0,0.0,0.0,0.0,0.0,0.0,0.0,0.0,0.0,0.0,0.0,0.0,0.0,0.0,0.0,0.0,0.0,0.0,0.0,0.0,0.0,0.0,0.0,0.0,0.0,0.0,0.0,0.0,0.0,0.0,0.0,0.0,0.0,0.0,0.0,0.0,0.0,0.0,0.0,0.0,0.0,0.0,0.0,0.0,0.0,0.0,0.0,0.0,0.0,0.0,0.0,0.0,0.0,0.0,0.0,0.0,0.0,0.0,0.0,0.0,0.0,0.0,0.0,0.0,0.0,0.0,0.0,0.0,0.0,0.0,0.0,0.0,0.0,0.0,0.0,0.0,0.0,0.0,0.0,0.0,0.0,0.0,0.0,0.0,0.0,0.0,0.0,0.0,0.0,0.0,0.0,0.0,0.0,0.0,0.0,0.0,0.0,0.0,0.0,0.0,0.0,0.0,0.0,0.0,0.0,0.0,0.0,0.0,0.0,0.0,0.0,0.0,0.0,0.0,0.0,0.0,0.0,0.0,0.0,0.0,0.0,0.0,0.0,0.0,0.0,0.0,0.0,0.0,0.0,0.0,0.0,0.0,0.0,0.0,0.0,0.0,0.0,0.0,0.0,0.0,0.0,0.0,0.0,0.0,0.0,0.0,0.0,0.0,0.0,0.0,0.0,0.0
total_policy_loss_hm,0.0,0.0,0.0,0.0,0.0,0.0,0.0,0.0,0.0,0.0,0.0,0.0,0.0,0.0,0.0,0.0,0.0,0.0,0.0,0.0,0.0,0.0,0.0,0.0,0.0,0.0,0.0,0.0,0.0,0.0,0.0,0.0,0.0,0.0,0.0,0.0,0.0,0.0,0.0,0.0,0.0,0.0,0.0,0.0,0.0,0.0,0.0,0.0,0.0,0.0,0.0,0.0,0.0,0.0,0.0,0.0,0.0,0.0,0.0,0.0,0.0,0.0,0.0,0.0,0.0,0.0,0.0,0.0,0.0,0.0,0.0,0.0,0.0,0.0,0.0,0.0,0.0,0.0,0.0,0.0,0.0,0.0,0.0,0.0,0.0,0.0,0.0,0.0,0.0,0.0,0.0,0.0,0.0,0.0,0.0,0.0,0.0,0.0,0.0,0.0,0.0,0.0,0.0,0.0,0.0,0.0,0.0,0.0,0.0,0.0,0.0,0.0,0.0,0.0,0.0,0.0,0.0,0.0,0.0,0.0,0.0,0.0,0.0,0.0,0.0,0.0,0.0,0.0,0.0,0.0,0.0,0.0,0.0,0.0,0.0,0.0,0.0,0.0,0.0,0.0,0.0,0.0,0.0,0.0,0.0,0.0,0.0,0.0,0.0,0.0,0.0,0.0,0.0,0.0,0.0,0.0,0.0,0.0,0.0,0.0,0.0,0.0,0.0,0.0,0.0,0.0,0.0,0.0,0.0,0.0,0.0,0.0,0.0,0.0,0.0,0.0,0.0,0.0,0.0,0.0,0.0,0.0,0.0,0.0,0.0,0.0,0.0,0.0,0.0,0.0,0.0,0.0,0.0,0.0,0.0,0.0,0.0,0.0,0.0,0.0,0.0,0.0,0.0,0.0,0.0,0.0,0.0,0.0,0.0,0.0,0.0,0.0,0.0,0.0,0.0,0.0,0.0,0.0,0.0,0.0,0.0,0.0,0.0,0.0,0.0,0.0,0.0,0.0,0.0,0.0,0.0,0.0,0.0,0.0,0.0,0.0,0.0,0.0,0.0,0.0,0.0,0.0,0.0,0.0,0.0,0.0,0.0,0.0,0.0,0.0,0.0,0.0,0.0,0.0,0.0,0.0,0.0,0.0,0.0,0.0,0.0,0.0,0.0,0.0,0.0,0.0,0.0,0.0,0.0,0.0,0.0,0.0,0.0,0.0,0.0,0.0,0.0,0.0,0.0,0.0,0.0,0.0,0.0,0.0,0.0,0.0,0.0,0.0,0.0,0.0,0.0,0.0,0.0,0.0,0.0,0.0,0.0,0.0,0.0,0.0,0.0,0.0,0.0,0.0,0.0,0.0,0.0,0.0,0.0,0.0,0.0,0.0,0.0,0.0,0.0,0.0,0.0,0.0,0.0,0.0,0.0,0.0,0.0,0.0,0.0,0.0,0.0,0.0,0.0,0.0,0.0,0.0,0.0,0.0,0.0,0.0,0.0,0.0,0.0,0.0,0.0,0.0,0.0,0.0,0.0,0.0,0.0,0.0,0.0,0.0,0.0,0.0,0.0,0.0,0.0,0.0,0.0,0.0,0.0,0.0,0.0,0.0,0.0,0.0,0.0,0.0,0.0,0.0,0.0,0.0,0.0,0.0,0.0,0.0,0.0,0.0,0.0,0.0,0.0,0.0,0.0,0.0,0.0,0.0,0.0,0.0,0.0,0.0,0.0,0.0,0.0,0.0,0.0,0.0,0.0,0.0,0.0,0.0,0.0,0.0
success_this_episode,0.0,0.0,0.0,0.0,0.0,0.0,0.0,0.0,0.0,0.0,0.0,0.0,0.0,1.0,0.0,0.0,0.0,0.0,0.0,0.0,0.0,1.0,0.0,0.0,0.0,0.0,0.0,0.0,0.0,1.0,1.0,0.0,0.0,0.0,1.0,0.0,0.0,0.0,1.0,0.0,0.0,0.0,0.0,0.0,0.0,1.0,0.0,0.0,1.0,0.0,0.0,1.0,1.0,1.0,0.0,0.0,0.0,0.0,0.0,0.0,0.0,0.0,0.0,1.0,0.0,1.0,1.0,0.0,0.0,0.0,1.0,0.0,0.0,0.0,0.0,1.0,0.0,0.0,0.0,0.0,1.0,0.0,1.0,0.0,1.0,0.0,1.0,0.0,1.0,1.0,0.0,1.0,0.0,1.0,1.0,0.0,1.0,1.0,0.0,0.0,1.0,1.0,1.0,1.0,1.0,0.0,0.0,1.0,1.0,1.0,1.0,0.0,1.0,1.0,1.0,0.0,1.0,0.0,1.0,0.0,0.0,1.0,1.0,1.0,1.0,0.0,1.0,0.0,1.0,0.0,1.0,1.0,1.0,0.0,1.0,0.0,0.0,1.0,1.0,1.0,0.0,1.0,0.0,1.0,1.0,1.0,1.0,0.0,1.0,0.0,1.0,1.0,1.0,1.0,0.0,1.0,1.0,1.0,1.0,0.0,1.0,1.0,0.0,1.0,1.0,0.0,1.0,1.0,1.0,0.0,1.0,1.0,1.0,1.0,1.0,0.0,0.0,1.0,1.0,1.0,1.0,1.0,1.0,0.0,0.0,1.0,1.0,1.0,1.0,1.0,1.0,0.0,1.0,1.0,1.0,1.0,1.0,1.0,1.0,1.0,1.0,0.0,1.0,1.0,0.0,1.0,1.0,0.0,0.0,1.0,1.0,1.0,0.0,0.0,1.0,0.0,1.0,0.0,1.0,0.0,0.0,0.0,1.0,1.0,1.0,1.0,1.0,1.0,1.0,1.0,1.0,0.0,0.0,1.0,0.0,1.0,1.0,1.0,0.0,1.0,1.0,1.0,1.0,1.0,1.0,0.0,1.0,1.0,1.0,1.0,1.0,1.0,1.0,1.0,1.0,1.0,1.0,1.0,1.0,1.0,1.0,1.0,1.0,0.0,1.0,1.0,1.0,1.0,1.0,1.0,1.0,1.0,0.0,1.0,1.0,0.0,1.0,1.0,0.0,1.0,1.0,1.0,1.0,1.0,1.0,1.0,1.0,0.0,1.0,1.0,1.0,1.0,1.0,1.0,1.0,1.0,1.0,1.0,1.0,1.0,1.0,1.0,1.0,1.0,1.0,1.0,0.0,1.0,0.0,1.0,1.0,1.0,1.0,1.0,1.0,1.0,0.0,0.0,1.0,0.0,1.0,1.0,1.0,1.0,1.0,1.0,1.0,1.0,1.0,1.0,1.0,1.0,1.0,1.0,1.0,1.0,1.0,1.0,1.0,1.0,1.0,1.0,1.0,1.0,1.0,1.0,1.0,1.0,1.0,1.0,1.0,0.0,0.0,1.0,1.0,0.0,0.0,1.0,1.0,1.0,1.0,0.0,1.0,1.0,0.0,0.0,1.0,1.0,1.0,0.0,1.0,1.0,1.0,0.0,0.0,1.0,1.0,1.0,1.0,1.0,1.0,0.0,1.0,1.0,0.0,1.0,1.0,1.0,1.0,1.0,1.0,1.0,1.0,1.0,1.0,0.0,1.0,1.0,1.0,1.0
timesteps_this_episode,0.0,100.0,100.0,100.0,100.0,100.0,100.0,100.0,100.0,100.0,100.0,100.0,100.0,100.0,100.0,100.0,100.0,100.0,100.0,100.0,100.0,100.0,100.0,100.0,100.0,100.0,100.0,100.0,100.0,100.0,100.0,100.0,100.0,100.0,100.0,100.0,100.0,100.0,100.0,100.0,100.0,100.0,100.0,100.0,100.0,100.0,100.0,100.0,100.0,100.0,100.0,100.0,100.0,100.0,100.0,100.0,100.0,100.0,100.0,100.0,100.0,100.0,100.0,100.0,100.0,100.0,100.0,100.0,100.0,100.0,100.0,100.0,100.0,100.0,100.0,100.0,100.0,100.0,100.0,100.0,100.0,100.0,100.0,100.0,100.0,100.0,100.0,100.0,100.0,100.0,100.0,100.0,100.0,100.0,100.0,100.0,100.0,100.0,100.0,100.0,100.0,100.0,100.0,100.0,100.0,100.0,100.0,100.0,100.0,100.0,100.0,100.0,100.0,100.0,100.0,100.0,100.0,100.0,100.0,100.0,100.0,100.0,100.0,100.0,100.0,100.0,100.0,100.0,100.0,100.0,100.0,100.0,100.0,100.0,100.0,100.0,100.0,100.0,100.0,100.0,100.0,100.0,100.0,100.0,100.0,100.0,100.0,100.0,100.0,100.0,100.0,100.0,100.0,100.0,100.0,100.0,100.0,100.0,100.0,100.0,100.0,100.0,100.0,100.0,100.0,100.0,100.0,100.0,100.0,100.0,100.0,100.0,100.0,100.0,100.0,100.0,100.0,100.0,100.0,100.0,100.0,100.0,100.0,100.0,100.0,100.0,100.0,100.0,100.0,100.0,100.0,100.0,100.0,100.0,100.0,100.0,100.0,100.0,100.0,100.0,100.0,100.0,100.0,100.0,100.0,100.0,100.0,100.0,100.0,100.0,100.0,100.0,100.0,100.0,100.0,100.0,100.0,100.0,100.0,100.0,100.0,100.0,100.0,100.0,100.0,100.0,100.0,100.0,100.0,100.0,100.0,100.0,100.0,100.0,100.0,100.0,100.0,100.0,100.0,100.0,100.0,100.0,100.0,100.0,100.0,100.0,100.0,100.0,100.0,100.0,100.0,100.0,100.0,100.0,100.0,100.0,100.0,100.0,100.0,100.0,100.0,100.0,100.0,100.0,100.0,100.0,100.0,100.0,100.0,100.0,100.0,100.0,100.0,100.0,100.0,100.0,100.0,100.0,100.0,100.0,100.0,100.0,100.0,100.0,100.0,100.0,100.0,100.0,100.0,100.0,100.0,100.0,100.0,100.0,100.0,100.0,100.0,100.0,100.0,100.0,100.0,100.0,100.0,100.0,100.0,100.0,100.0,100.0,100.0,100.0,100.0,100.0,100.0,100.0,100.0,100.0,100.0,100.0,100.0,100.0,100.0,100.0,100.0,100.0,100.0,100.0,100.0,100.0,100.0,100.0,100.0,100.0,100.0,100.0,100.0,100.0,100.0,100.0,100.0,100.0,100.0,100.0,100.0,100.0,100.0,100.0,100.0,100.0,100.0,100.0,100.0,100.0,100.0,100.0,100.0,100.0,100.0,100.0,100.0,100.0,100.0,100.0,100.0,100.0,100.0,100.0,100.0,100.0,100.0,100.0,100.0,100.0,100.0,100.0,100.0,100.0,100.0,100.0,100.0,100.0,100.0,100.0,100.0,100.0,100.0,100.0,100.0,100.0,100.0,100.0,100.0,100.0,100.0,100.0,100.0,100.0,100.0,100.0,100.0,100.0
